id;licencia;placa;nombre;apellido1;apellido2;nacimiento;categoria_id;sexo_id;liga_reg_rank;copa_reg_rank;camp_reg_rank;otro_reg_rank;liga_nac_rank;copa_nac_rank;camp_nac_rank;otro_nac_rank
1;99999;68;Albert;Garrido;Fuentes;1989;1;1;10;20;30;40;50;60;70;80
2;88888;45;Xavi;Moreno;Ors;1989;1;1;20;40;60;80;100;120;125;130
3;77777;6465;Alfredo;Gonzalez;Hinistrosa;1989;1;1;30;60;90;120;150;180;180;180
4;66666;456;Miquel;Fuentes;Duran;1989;1;1;40;80;120;160;200;240;235;230
5;55555;412;Vicente;Ors;Gonzalez;1987;1;1;50;100;150;200;250;300;290;280
6;44444;3215;Francisco;Hinistrosa;Hurtado;1987;1;2;60;120;180;240;300;360;345;330
7;33333;478;Ian;Duran;Garrido;1987;1;2;70;140;210;280;350;420;400;380
8;22222;451;Llui;Gonzalez;Moreno;1987;1;2;80;160;240;320;400;480;455;430
9;11111;453;Jano;Hurtado;Gonzalez;1987;1;2;90;180;270;360;450;540;510;480
10;98989;456;Alfredo;Garrido;Fuentes;1987;2;1;100;200;300;400;500;600;565;530
11;89898;412;Miquel;Moreno;Ors;1987;2;1;110;220;330;440;550;660;620;580
12;87877;478;Vicente;Gonzalez;Hinistrosa;1989;2;1;120;240;360;480;600;720;675;630
13;15153;415;Francisco;Duran;Garrido;1989;2;1;130;260;390;520;650;780;730;680
14;45645;147;Ian;Gonzalez;Moreno;1989;2;1;140;280;420;560;700;840;785;730
15;45874;458;Llui;Hurtado;Gonzalez;1989;2;1;150;300;450;600;750;900;840;780
